7,7
7,6
7,5
7,4
7,3
7,2
7,1
7,0
6,173
6,172
6,171
6,170
6,169
6,168
6,167
6,166
6,165
6,164
6,163
6,162
6,161
6,160
6,159
6,158
6,157
6,156
6,155
6,154
6,153
6,152
6,151
6,150
6,149
6,148
6,147
6,146
6,145
6,144
6,143
6,142
6,141
6,140
6,139
6,138
6,137
6,136
6,135
6,134
6,133
6,132
0,575
0,574
0,573
0,572
0,571
0,570
6,131
0,569
6,130
0,568
0,567
0,566
0,565
0,564
0,563
0,562
0,561
0,560
0,559
0,558
0,556
0,555
6,129
0,554
0,553
0,552
0,551
0,550
6,128
6,127
6,126
6,125
6,124
6,123
6,122
6,121
6,120
6,119
6,118
6,117
6,116
6,115
6,114
6,113
6,112
6,111
6,110
6,109
6,108
6,107
6,106
6,105
6,104
6,103
6,102
6,101
6,100
6,99
6,98
6,97
6,96
6,95
6,94
6,93
6,92
6,91
6,90
6,89
6,88
6,87
6,86
6,85
6,84
6,83
6,82
6,81
6,80
6,79
6,78
6,77
6,76
6,75
6,74
6,73
6,72
6,71
6,70
6,69
6,68
6,67
6,66
6,65
6,64
6,35
6,34
6,33
6,32
6,31
6,30
6,29
6,28
0,511
0,510
0,509
0,508
0,507
0,506
0,505
0,504
0,503
0,502
0,501
0,500
0,499
0,496
6,27
6,26
6,25
6,24
6,23
6,22
6,21
6,20
6,19
6,18
6,17
6,16
6,15
6,14
6,13
6,12
6,11
6,10
6,9
6,8
6,7
6,6
6,5
6,4
0,423
0,422
0,421
0,420
0,419
0,418
0,417
0,416
0,414
0,413
0,412
0,411
0,410
0,409
0,408
0,407
0,406
0,405
0,404
0,403
0,401
0,400
0,399
0,398
0,397
0,396
0,394
0,393
0,392
0,391
0,390
0,389
0,388
0,387
0,385
0,384
0,372
0,371
0,370
0,369
0,368
0,367
0,366
0,364
0,363
0,362
0,361
0,360
0,359
0,358
0,357
0,356
0,355
0,354
0,353
0,352
0,351
0,350
0,349
0,348
0,347
0,346
0,345
0,344
0,342
0,340
0,339
0,338
0,337
0,336
0,335
0,334
0,333
0,332
0,331
0,329
0,328
0,327
0,326
0,325
0,324
0,323
0,322
0,321
0,319
0,318
0,316
0,315
0,314
6,3
6,2
6,1
6,0
0,313
0,243
0,0
5,3
5,2
5,1
5,0
4,3
2,3
1,3
0,9
0,1
0,300
0,299
0,298
0,297
0,296
0,295
0,294
0,293
0,292
0,291
0,290
0,289
0,288
0,287
0,286
0,285
0,284
0,283
0,282
0,281
0,280
0,279
0,278
0,277
0,276
0,275
0,274
0,273
0,272
0,271
0,270
0,269
0,268
0,267
0,266
0,265
0,264
0,263
0,262
0,261
0,260
0,259
0,258
0,257
0,256
0,255
0,254
0,253
0,252
0,251
0,250
0,249
0,248
0,247
0,246
0,245
0,244
0,242
0,241
0,240
0,239
0,238
0,237
0,236
0,235
0,234
0,233
0,232
0,231
0,230
0,229
0,228
0,227
0,226
0,225
0,224
0,223
0,222
0,221
0,220
0,219
0,218
0,217
0,216
0,215
0,214
0,213
0,212
0,211
0,210
0,209
0,208
0,207
0,206
0,205
0,204
0,203
0,202
0,201
0,200
0,199
0,198
0,197
0,196
0,195
0,194
0,193
0,192
0,63
0,62
0,61
0,60
0,59
0,58
0,57
0,56
0,55
0,54
0,53
0,52
0,51
0,50
0,49
0,310
0,48
0,47
0,46
0,307
0,45
0,6
0,5
0,304
0,303
0,306
0,305
0,302
0,12
0,10
0,8
0,11
0,4
0,2
0,3
0,7
